[14, 903, 399]
[14, 1049, 405]
[14, 1028, 403]
[14, 1011, 401]
[14, 998, 388]
[14, 1026, 392]
[14, 1019, 392]
[14, 708, 437]
[14, 709, 443]
[14, 694, 446]
[14, 686, 446]
[14, 675, 451]
[14, 637, 458]
[14, 628, 460]
[14, 622, 461]
[14, 609, 459]
[14, 603, 459]
[14, 603, 461]
[14, 603, 461]
[14, 603, 463]
[14, 630, 465]
[14, 665, 476]
[14, 659, 480]
[14, 626, 479]
[14, 583, 482]
[14, 567, 485]
[14, 565, 488]
[14, 564, 489]
[14, 544, 489]
[14, 527, 488]
[14, 522, 488]
[14, 519, 489]
[14, 516, 489]
[14, 508, 486]
[14, 512, 486]
